40.44062479999999 -79.9958864           
40.4059025 -79.9119948            
40.4117223 -79.94445259999999           
40.3470671 -79.8641232            
40.3120141 -79.8231024            
40.3132236 -79.804205           
40.28933060000001 -79.7773917           
40.27722199999999 -79.799167            
40.23618159999999 -79.799212            
40.2097933 -79.7669884            
40.1725369 -79.7706165            
40.1539613 -79.7411535            
41.2033216 -77.1945247          
40.1250725 -79.8664356            
40.0870182 -79.750597           
40.0903515 -79.72337449999999           
41.2033216 -77.1945247            
40.0384638 -79.6777713            
40.04701860000001 -79.654484            
40.0434074 -79.62392799999999           
40.041744 -79.625473            
40.0178522 -79.58948280000001           
39.9778528 -79.61448349999999           
39.871742 -79.4922606           
39.8128547 -79.3567015            
39.7975775 -79.3278119            
39.8316303 -79.274227           
39.8606333 -79.2269756            
39.9156337 -79.15225149999999           
39.8631361 -79.0580823            
39.81369309999999 -79.024748            
38.9879976 -76.4664207            
39.6581424 -78.92835699999999           
39.6956417 -78.87974419999999           
39.6528654 -78.7625185            
39.624747 -78.739         
39.587423 -78.73279         
39.56465  -78.718116          
39.538607 -78.641105          
39.5416849 -78.61150649999999           
39.530388 -78.586919          
39.523542 -78.543055          
39.534599 -78.463867          
39.54419  -78.459803          
39.4601569 -78.4371726            
39.573573 -78.456614          
39.583761 -78.403742          
39.607259 -78.42998         
39.625833 -78.386389            
39.627529 -78.360812          
39.622329 -78.285109          
39.659077 -78.227774          
39.682465 -78.198935          
39.6989809 -78.17972929999999           
39.684678 -78.111361          
39.651972 -78.050292          
39.6237607 -78.0162934            
39.607899 -77.969529          
39.608857 -77.951257          
39.617947 -77.9013993           
39.609366 -77.851569          
39.6006523 -77.82055079999999           
39.561955 -77.850432          
39.516812 -77.856612          
38.9879976 -76.4664207            
39.493195 -77.79195         
39.486745 -77.776351          
39.457321 -77.796372          
39.4300996 -77.8041609            
39.4575994 -77.748882           
39.418111 -77.745528          
39.343126 -77.755102          
39.325833 -77.710556            
39.3253786 -77.7388818            
39.3270456 -77.66415760000001           
39.3253786 -77.7388818            
39.3142682 -77.6277679            
39.3072909 -77.616306           
39.299041 -77.557211          
39.2812547 -77.5477588            
39.2758979 -77.5391815        
39.264252 -77.522488          
39.227517 -77.455413          
39.2202562 -77.42428389999999       
39.179549 -77.492766          
39.15488209999999 -77.52136469999999      
39.1396 -77.515801          
39.090377 -77.462777          
39.069679 -77.401911          
39.047237 -77.274566          
39.031128 -77.243621          
38.9981652 -77.2883157        
38.977121 -77.217758          
38.971018 -77.159573          
38.944822 -77.124211          
38.919284 -77.101884          
38.9097057 -77.06535650000001     
38.9071923 -77.036870       